n_problem : 2
n_joint_wb : 12
n_contact_wb : 4
n_legs : 4
# GO2 and GO1 parameters
# q0 : [0, 0.9, -1.8, 0, 0.9, -1.8, 0, 0.9, -1.8, 0, 0.9, -1.8]
# foot0 : [0.192, 0.142, 0.024,0.192, -0.142, 0.024, -0.195, 0.142, 0.024,-0.195, -0.142, 0.024] 
# ALIENGO
q0 : [0.2,0.8,-1.8,-0.2,0.8,-1.8,0.2,0.8,-1.8,-0.2,0.8,-1.8]
foot0 : [0.27092872, 0.174, 0.02074775,0.27092872,-0.174, 0.0207477,-0.20887128, 0.174, 0.02074775,-0.20887128, -0.174  ,  0.02074775]  

max_iteration : 20
receding_horizon : true
subsystems_name : [front,back,wb]
subsystems_map_joint: 
  front: [0,1,2,3,4,5]
  back: [6,7,8,9,10,11]
  wb: [0,1,2,3,4,5,6,7,8,9,10,11]
subsystems_map_contact: 
  front: [0,1]
  back: [2,3]
  wb: [0,1,2,3]
#ALIENGO
robot_height: [0.35]
#GO2 and GO1
robot_height: [0.27]
step_height: [0.1]
quat: [0,0,0,1] 
dp: [0,0,0]
omega: [0,0,0]

weight_p: [1e1,1e1,1e3]
weight_quat: [1e3,1e3,0]
weight_q:  [10]
weight_dp: [1e3,1e3,1e3]
weight_omega: [1e2,1e2,2e2]
weight_dq: [1e0]
weight_tau: [1e-2]
weight_grf: [2e-2]
weight_foot_swing: [1e4,1e4,1e5]
weight_foot_stance: [1e4,1e4,1e5]
weight_consensus: [2]

nw0: 74
nw: 74
nwe: 30
# delta: [0.25, 0.75, 0.99, 0.5]            # crawl
delta: [000.5,0000.0,0000.0,0000.5]       # trot    
duty_factor : 0.65 #trot                  # 0.65 #trot
step_freq : 1.35 #trot                    # 1.3 #trot

N_step: 15

constraint:
  lh: [lh_fc,lh_zc,lh_sc,lh_kc,lh_tc]
  lh0: [lh_fc,lh_tc]
  lh_fc: [0,0,0,0,0,0,0,0,0,0,0,0,0,0,0,0,0,0,0,0]
  lh_zc: [-0.005,-0.005]
  lh_sc: [-0.005,-0.005,-0.005,-0.005,-0.005,-0.005]
  lh_kc: [-1.22173,-1.57,-2.77507,-1.22173,-1.57,-2.77507]
  lh_tc: [-44, -44, -44,-44, -44, -44]
# TO DO add the definition of the upper bound
n_ineq_0: 20
n_ineq: 20